,bsimoccurrences,bsimerror,bmoccurrences,bmerror,bsimlatency,bmlatency
addargfullargreal,1.0,0.0,1.0,0.0,44.2,45.12
addargfullnumreal,5.0,0.0,5.0,0.0,44.272000000000006,45.120000000000005
addargimagargreal,1.0,0.0,1.0,0.0,4.0,7.0
addargimagnumreal,5.0,0.0,5.0,0.0,4.0,7.0
addargrealargreal,1.0,0.0,1.0,0.0,41.08,40.12
addargrealnumreal,5.0,0.0,5.0,0.0,41.31999999999999,40.120000000000005
expargreal-expprec-1,1.0,864.4066395157715,1.0,864.4066392641262,113.98,201.68
expargreal-expprec-10,1.0,0.0867324645986359,1.0,0.0867324368991846,1051.26,1988.43
expargreal-expprec-11,1.0,0.0130270648121304,1.0,0.0130270543736707,1157.18,2195.59
expargreal-expprec-12,1.0,0.0016988192571092,1.0,0.0016988343681981,1259.6,2406.59
expargreal-expprec-13,1.0,0.0001939256491287,1.0,0.000193922443728,1367.71,2619.06
expargreal-expprec-14,1.0,1.951754738598563e-05,1.0,1.9519494518002845e-05,1466.06,2833.72
expargreal-expprec-15,1.0,1.743133383936593e-06,1.0,1.7430486352161569e-06,1574.86,3051.24
expargreal-expprec-16,1.0,1.387576034827551e-07,1.0,1.387527660013609e-07,1672.44,3273.92
expargreal-expprec-17,1.0,9.782714358969609e-09,1.0,9.832465281269442e-09,1787.03,3499.38
expargreal-expprec-18,1.0,6.21676571860125e-10,1.0,6.290709739053446e-10,1884.17,3728.18
expargreal-expprec-19,1.0,5.932540584359656e-11,1.0,5.281104363544784e-11,1997.31,3960.4
expargreal-expprec-2,1.0,668.6030985060436,1.0,668.6030972457589,220.56,393.67
expargreal-expprec-20,1.0,2.6237174480965587e-11,1.0,2.2700957441456224e-11,2104.13,4194.48
expargreal-expprec-3,1.0,430.721096913286,1.0,430.72110489473874,324.93,587.3
expargreal-expprec-4,1.0,227.0360955038424,1.0,227.0360961394641,425.9,782.78
expargreal-expprec-5,1.0,97.5805570743727,1.0,97.58055626368404,532.14,979.93
expargreal-expprec-6,1.0,34.355278539304365,1.0,34.35527490636752,633.81,1176.84
expargreal-expprec-7,1.0,9.993279209691435,1.0,9.993278310103822,739.25,1375.32
expargreal-expprec-8,1.0,2.426274779986619,1.0,2.42627397579295,838.83,1577.34
expargreal-expprec-9,1.0,0.4969110264183603,1.0,0.496910952575174,947.07,1781.79
multargfullargfull,1.0,0.0,1.0,0.0,167.232,168.6112
multargfullargimag,1.0,0.0,1.0,0.0,62.312,65.68
multargfullnumfull,25.0,0.0,25.0,0.0,167.2352,168.61120000000005
multargfullnumimag,5.0,0.0,5.0,0.0,62.216,66.67999999999999
multargimagargfull,1.0,0.0,1.0,0.0,62.264,65.68
multargimagargimag,1.0,0.0,1.0,0.0,40.28,40.84
multargimagnumfull,25.0,0.0,25.0,0.0,62.248000000000005,65.67999999999998
multargimagnumimag,5.0,0.0,5.0,0.0,40.48,40.84
multargrealargfull,1.0,0.0,1.0,0.0,42.52,45.68
multargrealargimag,1.0,0.0,1.0,0.0,20.68,20.84
multargrealnumfull,25.0,0.0,10.0,0.0,42.43200000000001,45.64
multargrealnumimag,5.0,0.0,5.0,0.0,20.76,20.84
numreal,0.0,0.0,0.0,0.0,0.0,0.0
numzero,0.0,0.0,0.0,0.0,0.0,0.0
onedividedbyargreal,1.0,3.6210526315768415e-14,1.0,3.7405089400432285e-14,28.68421052631579,122.57894736842104
powargfullnumintpos,9.0,0.00236983035884,9.0,0.0023647028749684,648.6502777777778,570.1811111111111
powargimagnumintpos,9.0,2.0335086663714705e-05,9.0,3.6450792191294e-06,139.0388888888889,132.6222222222222
powargrealnumintpos,9.0,2.0335086663714705e-05,9.0,3.6450792191294e-06,112.8,106.71111111111112
prova,0.0,0.0,0.0,0.0,0.0,0.0
multargimagargreal,1.0,0.0,0.0,0.0,20.72,0.0
